vec4(-0.300000,-0.580716,0.300000,1.0),
vec4(-0.300000,-0.520716,0.300000,1.0),
vec4(-0.300000,-0.580716,-0.300000,1.0),
vec4(-0.300000,-0.520716,-0.300000,1.0),
vec4(0.300000,-0.580716,0.300000,1.0),
vec4(0.300000,-0.520716,0.300000,1.0),
vec4(0.300000,-0.580716,-0.300000,1.0),
vec4(0.300000,-0.520716,-0.300000,1.0),
vec4(-0.600000,-0.228864,0.600000,1.0),
vec4(0.000000,0.979490,0.000000,1.0),
vec4(-0.600000,-0.228864,-0.600000,1.0),
vec4(0.600000,-0.228864,0.600000,1.0),
vec4(0.600000,-0.228864,-0.600000,1.0),
vec4(-0.600000,0.292376,-0.600000,1.0),
vec4(0.000000,-0.915978,-0.000000,1.0),
vec4(-0.600000,0.292376,0.600000,1.0),
vec4(0.600000,0.292376,-0.600000,1.0),
vec4(0.600000,0.292376,0.600000,1.0),
vec4(-0.300000,0.589361,0.300000,1.0),
vec4(-0.300000,0.649361,0.300000,1.0),
vec4(-0.300000,0.589361,-0.300000,1.0),
vec4(-0.300000,0.649361,-0.300000,1.0),
vec4(0.300000,0.589361,0.300000,1.0),
vec4(0.300000,0.649361,0.300000,1.0),
vec4(0.300000,0.589361,-0.300000,1.0),
vec4(0.300000,0.649361,-0.300000,1.0)